x	y
0.0  0.0
1.0  0.786
2.0  1.571
3.0  2.357
4.0  3.143
5.0  3.928
6.0  4.714
7.0  5.5
8.0  6.285
9.0  7.071
10.0  7.857
11.0  8.642
12.0  9.428
13.0  10.214
14.0  10.999
15.0  11.785
16.0  12.571
17.0  13.356
18.0  14.142
19.0  14.928
20.0  15.713
21.0  16.499
22.0  17.285
23.0  18.071
24.0  18.856
25.0  19.642
26.0  20.428
27.0  21.213
28.0  21.999
29.0  22.785
30.0  23.57
31.0  24.356
32.0  25.142
33.0  25.927
34.0  26.713
35.0  27.499
36.0  28.284
37.0  29.07
38.0  29.856
39.0  30.641
40.0  31.427
41.0  32.213
42.0  32.998
43.0  33.784
44.0  34.57
45.0  35.355
46.0  36.141
47.0  36.927
48.0  37.712
49.0  38.498
50.0  39.284
51.0  40.069
52.0  40.855
53.0  41.641
54.0  42.426
55.0  43.212
56.0  43.998
57.0  44.783
58.0  45.569
59.0  46.355
60.0  47.14
61.0  47.926
62.0  48.712
63.0  49.497
64.0  50.283
65.0  51.069
66.0  51.854
67.0  52.64
68.0  53.426
69.0  54.212
70.0  54.997
71.0  55.783
72.0  56.569
73.0  57.354
74.0  58.14
75.0  58.926
76.0  59.711
77.0  60.497
78.0  61.283
79.0  62.068
80.0  62.854
81.0  63.64
82.0  64.425
83.0  65.211
84.0  65.997
85.0  66.782
86.0  67.568
87.0  68.354
88.0  69.139
89.0  69.925
90.0  70.71067811865474
91.0  71.32504491541816
92.0  71.93398003386511
93.0  72.53743710122875
94.0  73.13537016191705
95.0  73.72773368101241
96.0  74.31448254773943
97.0  74.8955720789002
98.0  75.4709580222772
99.0  76.04059656000311
100.0  76.60444431189781
101.0  77.162458338772
102.0  77.71459614569707
103.0  78.26081568524138
104.0  78.8010753606722
105.0  79.33533402912352
106.0  79.86355100472929
107.0  80.38568606172173
108.0  80.90169943749474
109.0  81.41155183563191
110.0  81.91520442889917
111.0  82.41261886220157
112.0  82.90375725550417
113.0  83.3885822067168
114.0  83.86705679454239
115.0  84.33914458128856
116.0  84.80480961564261
117.0  85.26401643540922
118.0  85.71673007021123
119.0  86.16291604415257
120.0  86.60254037844386
121.0  87.03556959398998
122.0  87.46197071393958
123.0  87.88171126619653
124.0  88.29475928589268
125.0  88.70108331782217
126.0  89.10065241883677
127.0  89.4934361602025
128.0  89.8794046299167
129.0  90.25852843498605
130.0  90.63077870366499
131.0  90.99612708765432
132.0  91.35454576426008
133.0  91.7060074385124
134.0  92.05048534524403
135.0  92.38795325112868
136.0  92.71838545667875
137.0  93.04175679820246
138.0  93.35804264972018
139.0  93.66721892483976
140.0  93.96926207859083
141.0  94.26414910921783
142.0  94.55185755993168
143.0  94.83236552061993
144.0  95.10565162951535
145.0  95.37169507482268
146.0  95.63047559630354
147.0  95.8819734868193
148.0  96.12616959383189
149.0  96.3630453208623
150.0  96.59258262890683
151.0  96.81476403781078
152.0  97.02957262759965
153.0  97.23699203976766
154.0  97.43700647852353
155.0  97.62960071199333
156.0  97.81476007338055
157.0  97.99247046208296
158.0  98.1627183447664
159.0  98.32549075639547
160.0  98.4807753012208
161.0  98.62856015372313
162.0  98.76883405951378
163.0  98.90158633619168
164.0  99.02680687415703
165.0  99.14448613738104
166.0  99.2546151641322
167.0  99.35718556765875
168.0  99.45218953682733
169.0  99.53961983671789
170.0  99.61946980917456
171.0  99.6917333733128
172.0  99.75640502598242
173.0  99.8134798421867
174.0  99.86295347545739
175.0  99.90482215818578
176.0  99.93908270190957
177.0  99.96573249755572
178.0  99.98476951563913
179.0  99.99619230641713
180.0  100.0
181.0  99.99619230641713
182.0  99.98476951563913
183.0  99.96573249755572
184.0  99.93908270190957
185.0  99.90482215818578
186.0  99.86295347545739
187.0  99.8134798421867
188.0  99.75640502598242
189.0  99.6917333733128
190.0  99.61946980917456
191.0  99.53961983671789
192.0  99.45218953682733
193.0  99.35718556765875
194.0  99.2546151641322
195.0  99.14448613738105
196.0  99.02680687415703
197.0  98.90158633619168
198.0  98.76883405951376
199.0  98.62856015372314
200.0  98.4807753012208
201.0  98.32549075639547
202.0  98.1627183447664
203.0  97.99247046208296
204.0  97.81476007338057
205.0  97.62960071199333
206.0  97.43700647852353
207.0  97.23699203976767
208.0  97.02957262759965
209.0  96.81476403781078
210.0  96.59258262890683
211.0  96.3630453208623
212.0  96.12616959383189
213.0  95.8819734868193
214.0  95.63047559630355
215.0  95.3716950748227
216.0  95.10565162951536
217.0  94.83236552061994
218.0  94.55185755993169
219.0  94.26414910921783
220.0  93.96926207859084
221.0  93.66721892483976
222.0  93.35804264972018
223.0  93.04175679820246
224.0  92.71838545667875
225.0  92.38795325112868
226.0  92.05048534524404
227.0  91.70600743851242
228.0  91.3545457642601
229.0  90.99612708765433
230.0  90.630778703665
231.0  90.25852843498605
232.0  89.87940462991669
233.0  89.4934361602025
234.0  89.10065241883679
235.0  88.70108331782218
236.0  88.29475928589271
237.0  87.88171126619653
238.0  87.46197071393958
239.0  87.03556959398998
240.0  86.60254037844388
241.0  86.16291604415257
242.0  85.71673007021123
243.0  85.26401643540923
244.0  84.80480961564261
245.0  84.33914458128858
246.0  83.8670567945424
247.0  83.38858220671682
248.0  82.90375725550417
249.0  82.41261886220158
250.0  81.9152044288992
251.0  81.41155183563193
252.0  80.90169943749474
253.0  80.38568606172174
254.0  79.86355100472927
255.0  79.33533402912352
256.0  78.8010753606722
257.0  78.2608156852414
258.0  77.7145961456971
259.0  77.16245833877203
260.0  76.60444431189781
261.0  76.04059656000311
262.0  75.47095802227717
263.0  74.8955720789002
264.0  74.31448254773943
265.0  73.72773368101241
266.0  73.13537016191705
267.0  72.53743710122878
268.0  71.93398003386514
269.0  71.32504491541816
270.0  70.71067811865476
271.0  70.0909264299851
272.0  69.46583704589972
273.0  68.8354575693754
274.0  68.19983600624985
275.0  67.55902076156603
276.0  66.91306063588584
277.0  66.26200482157374
278.0  65.60590289905073
279.0  64.94480483301838
280.0  64.27876096865394
281.0  63.607822027776415
282.0  62.93203910498377
283.0  62.25146366376196
284.0  61.56614753256584
285.0  60.87614290087204
286.0  60.18150231520482
287.0  59.482278675134125
288.0  58.77852522924732
289.0  58.070295571093986
290.0  57.35764363510464
291.0  56.64062369248332
292.0  55.91929034707469
293.0  55.193698531205825
294.0  54.463903501502685
295.0  53.72996083468238
296.0  52.99192642332049
297.0  52.24985647159489
298.0  51.50380749100544
299.0  50.753836296070446
300.0  49.99999999999999
301.0  49.24235601034672
302.0  48.48096202463372
303.0  47.71587602596086
304.0  46.947156278589105
305.0  46.17486132350339
306.0  45.39904997395469
307.0  44.6197813109809
308.0  43.83711467890773
309.0  43.051109680829505
310.0  42.26182617406995
311.0  41.46932426562392
312.0  40.67366430758004
313.0  39.874906892524656
314.0  39.073112848927416
315.0  38.26834323650899
316.0  37.460659341591224
317.0  36.65012267242972
318.0  35.83679495453002
319.0  35.02073812594676
320.0  34.20201433256689
321.0  33.380685923377115
322.0  32.5568154457157
323.0  31.730465640509216
324.0  30.901699437494752
325.0  30.070579950427334
326.0  29.237170472273704
327.0  28.40153447039226
328.0  27.563735581699966
329.0  26.7238376078257
330.0  25.881904510252102
331.0  25.038000405444134
332.0  24.192189559966774
333.0  23.34453638559055
334.0  22.495105434386478
335.0  21.64396139381032
336.0  20.79116908177593
337.0  19.936793441719768
338.0  19.080899537654496
339.0  18.223552549214773
340.0  17.364817766693026
341.0  16.50476058606781
342.0  15.643446504023098
343.0  14.780941112961038
344.0  13.917310096006574
345.0  13.052619222005157
346.0  12.186934340514755
347.0  11.32032137679069
348.0  10.452846326765373
349.0  9.584575252022391
350.0  8.715574274765864
351.0  7.845909572784507
352.0  6.975647374412553
353.0  6.104853953485719
354.0  5.233595624294381
355.0  4.361938736533607
356.0  3.48994967025007
357.0  2.617694830787342
358.0  1.7452406437283439
359.0  0.8726535498374403
360.0  1.2246467991473532E-14
361.0  -0.8726535498373713
362.0  -1.7452406437283192
363.0  -2.617694830787318
364.0  -3.48994967025009
365.0  -4.361938736533627
366.0  -5.233595624294356
367.0  -6.104853953485694
368.0  -6.975647374412483
369.0  -7.845909572784482
370.0  -8.715574274765794
371.0  -9.584575252022411
372.0  -10.452846326765306
373.0  -11.320321376790664
374.0  -12.186934340514775
375.0  -13.052619222005132
376.0  -13.917310096006553
377.0  -14.78094111296106
378.0  -15.643446504023073
379.0  -16.504760586067743
380.0  -17.364817766693047
381.0  -18.223552549214702
382.0  -19.08089953765447
383.0  -19.936793441719658
384.0  -20.791169081775905
385.0  -21.643961393810294
386.0  -22.4951054343865
387.0  -23.344536385590573
388.0  -24.19218955996675
389.0  -25.038000405444155
390.0  -25.881904510252035
391.0  -26.72383760782568
392.0  -27.5637355816999
393.0  -28.401534470392235
394.0  -29.23717047227364
395.0  -30.070579950427305
396.0  -30.901699437494774
397.0  -31.73046564050919
398.0  -32.55681544571568
399.0  -33.38068592337705
400.0  -34.20201433256687
401.0  -35.02073812594673
402.0  -35.83679495453004
403.0  -36.65012267242969
404.0  -37.4606593415912
405.0  -38.268343236508926
406.0  -39.07311284892735
407.0  -39.87490689252463
408.0  -40.67366430757998
409.0  -41.4693242656239
410.0  -42.261826174069924
411.0  -43.05110968082953
412.0  -43.83711467890771
413.0  -44.619781310980876
414.0  -45.399049973954625
415.0  -46.17486132350337
416.0  -46.947156278589084
417.0  -47.71587602596084
418.0  -48.4809620246337
419.0  -49.2423560103467
420.0  -50.000000000000014
421.0  -50.75383629607039
422.0  -51.50380749100542
423.0  -52.24985647159487
424.0  -52.99192642332048
425.0  -53.72996083468236
426.0  -54.463903501502706
427.0  -55.19369853120585
428.0  -55.91929034707467
429.0  -56.640623692483295
430.0  -57.35764363510458
431.0  -58.07029557109398
432.0  -58.7785252292473
433.0  -59.48227867513415
434.0  -60.1815023152048
435.0  -60.87614290087207
436.0  -61.566147532565786
437.0  -62.25146366376194
438.0  -62.93203910498376
439.0  -63.607822027776365
440.0  -64.27876096865393
441.0  -64.94480483301835
442.0  -65.60590289905073
443.0  -66.26200482157371
444.0  -66.91306063588583
445.0  -67.55902076156598
446.0  -68.19983600624984
447.0  -68.83545756937538
448.0  -69.46583704589973
449.0  -70.09092642998509
450.0  -70.71067811865474
451.0  -71.32504491541816
452.0  -71.93398003386508
453.0  -72.53743710122876
454.0  -73.13537016191701
455.0  -73.7277336810124
456.0  -74.3144825477394
457.0  -74.89557207890022
458.0  -75.47095802227717
459.0  -76.04059656000305
460.0  -76.6044443118978
461.0  -77.162458338772
462.0  -77.71459614569712
463.0  -78.26081568524138
464.0  -78.80107536067221
465.0  -79.33533402912349
466.0  -79.86355100472929
467.0  -80.3856860617217
468.0  -80.90169943749473
469.0  -81.41155183563188
470.0  -81.91520442889916
471.0  -82.41261886220157
472.0  -82.90375725550415
473.0  -83.3885822067168
474.0  -83.8670567945424
475.0  -84.33914458128855
476.0  -84.8048096156426
477.0  -85.26401643540925
478.0  -85.71673007021121
479.0  -86.16291604415258
480.0  -86.60254037844385
481.0  -87.03556959398996
482.0  -87.46197071393958
483.0  -87.88171126619653
484.0  -88.2947592858927
485.0  -88.70108331782215
486.0  -89.10065241883677
487.0  -89.49343616020248
488.0  -89.87940462991668
489.0  -90.25852843498606
490.0  -90.63077870366497
491.0  -90.99612708765432
492.0  -91.3545457642601
493.0  -91.70600743851243
494.0  -92.05048534524403
495.0  -92.38795325112868
496.0  -92.71838545667873
497.0  -93.04175679820246
498.0  -93.35804264972016
499.0  -93.66721892483976
500.0  -93.96926207859082
501.0  -94.26414910921783
502.0  -94.55185755993169
503.0  -94.83236552061992
504.0  -95.10565162951535
505.0  -95.37169507482267
506.0  -95.63047559630353
507.0  -95.8819734868193
508.0  -96.12616959383189
509.0  -96.3630453208623
510.0  -96.59258262890683
511.0  -96.81476403781076
512.0  -97.02957262759965
513.0  -97.23699203976767
514.0  -97.43700647852351
515.0  -97.62960071199333
516.0  -97.81476007338055
517.0  -97.99247046208296
518.0  -98.16271834476639
519.0  -98.32549075639545
520.0  -98.4807753012208
521.0  -98.62856015372313
522.0  -98.76883405951376
523.0  -98.90158633619168
524.0  -99.02680687415703
525.0  -99.14448613738104
526.0  -99.2546151641322
527.0  -99.35718556765875
528.0  -99.45218953682733
529.0  -99.53961983671788
530.0  -99.61946980917456
531.0  -99.6917333733128
532.0  -99.75640502598242
533.0  -99.8134798421867
534.0  -99.86295347545739
535.0  -99.90482215818578
536.0  -99.93908270190957
537.0  -99.96573249755572
538.0  -99.98476951563913
539.0  -99.99619230641713
540.0  -100.0
541.0  -99.99619230641713
542.0  -99.98476951563913
543.0  -99.96573249755572
544.0  -99.93908270190957
545.0  -99.90482215818578
546.0  -99.86295347545739
547.0  -99.81347984218671
548.0  -99.75640502598243
549.0  -99.69173337331281
550.0  -99.61946980917456
551.0  -99.53961983671789
552.0  -99.45218953682733
553.0  -99.35718556765876
554.0  -99.2546151641322
555.0  -99.14448613738104
556.0  -99.02680687415703
557.0  -98.90158633619168
558.0  -98.76883405951378
559.0  -98.62856015372314
560.0  -98.48077530122082
561.0  -98.32549075639547
562.0  -98.1627183447664
563.0  -97.99247046208296
564.0  -97.81476007338058
565.0  -97.62960071199335
566.0  -97.43700647852353
567.0  -97.23699203976767
568.0  -97.02957262759966
569.0  -96.81476403781078
570.0  -96.59258262890683
571.0  -96.36304532086231
572.0  -96.12616959383188
573.0  -95.88197348681932
574.0  -95.63047559630354
575.0  -95.37169507482271
576.0  -95.10565162951536
577.0  -94.83236552061993
578.0  -94.55185755993169
579.0  -94.26414910921784
580.0  -93.96926207859086
581.0  -93.66721892483977
582.0  -93.3580426497202
583.0  -93.04175679820247
584.0  -92.71838545667875
585.0  -92.38795325112866
586.0  -92.05048534524406
587.0  -91.7060074385124
588.0  -91.35454576426008
589.0  -90.99612708765433
590.0  -90.63077870366499
591.0  -90.25852843498608
592.0  -89.8794046299167
593.0  -89.49343616020253
594.0  -89.1006524188368
595.0  -88.70108331782221
596.0  -88.29475928589271
597.0  -87.88171126619659
598.0  -87.4619707139396
599.0  -87.03556959398998
600.0  -86.60254037844386
601.0  -86.16291604415255
602.0  -85.71673007021123
603.0  -85.2640164354092
604.0  -84.80480961564261
605.0  -84.33914458128856
606.0  -83.86705679454242
607.0  -83.38858220671682
608.0  -82.9037572555042
609.0  -82.41261886220158
610.0  -81.91520442889917
611.0  -81.41155183563195
612.0  -80.90169943749476
613.0  -80.38568606172177
614.0  -79.8635510047293
615.0  -79.33533402912352
616.0  -78.80107536067217
617.0  -78.2608156852414
618.0  -77.71459614569707
619.0  -77.16245833877197
620.0  -76.60444431189781
621.0  -76.04059656000308
622.0  -75.47095802227722
623.0  -74.8955720789002
624.0  -74.31448254773946
625.0  -73.72773368101242
626.0  -73.1353701619171
627.0  -72.53743710122879
628.0  -71.93398003386517
629.0  -71.32504491541819
630.0  -70.71067811865477
631.0  -70.09092642998507
632.0  -69.46583704589976
633.0  -68.83545756937541
634.0  -68.19983600624983
635.0  -67.55902076156605
636.0  -66.91306063588581
637.0  -66.26200482157378
638.0  -65.60590289905073
639.0  -64.94480483301841
640.0  -64.27876096865396
641.0  -63.60782202777639
642.0  -62.93203910498379
643.0  -62.25146366376196
644.0  -61.566147532565886
645.0  -60.87614290087209
646.0  -60.181502315204824
647.0  -59.482278675134104
648.0  -58.778525229247336
649.0  -58.070295571093965
650.0  -57.35764363510465
651.0  -56.640623692483295
652.0  -55.919290347074735
653.0  -55.19369853120577
654.0  -54.4639035015027
655.0  -53.72996083468242
656.0  -52.99192642332058
657.0  -52.24985647159487
658.0  -51.503807491005446
659.0  -50.75383629607049
660.0  -50.00000000000004
661.0  -49.242356010346725
662.0  -48.48096202463369
663.0  -47.715876025960874
664.0  -46.947156278589084
665.0  -46.174861323503364
666.0  -45.399049973954696
667.0  -44.61978131098095
668.0  -43.8371146789077
669.0  -43.05110968082952
670.0  -42.26182617407
671.0  -41.46932426562401
672.0  -40.67366430758001
673.0  -39.87490689252466
674.0  -39.07311284892747
675.0  -38.268343236508954
676.0  -37.46065934159123
677.0  -36.650122672429724
678.0  -35.83679495453008
679.0  -35.020738125946764
680.0  -34.20201433256686
681.0  -33.38068592337713
682.0  -32.556815445715756
683.0  -31.730465640509188
684.0  -30.901699437494763
685.0  -30.070579950427383
686.0  -29.237170472273625
687.0  -28.40153447039227
688.0  -27.563735581699977
689.0  -26.7238376078258
690.0  -25.881904510252067
691.0  -25.038000405444187
692.0  -24.19218955996679
693.0  -23.344536385590608
694.0  -22.495105434386534
695.0  -21.643961393810287
696.0  -20.791169081775987
697.0  -19.93679344171965
698.0  -19.080899537654467
699.0  -18.223552549214784
700.0  -17.36481776669313
701.0  -16.504760586067736
702.0  -15.643446504023112
703.0  -14.780941112961138
704.0  -13.917310096006588
705.0  -13.052619222005168
706.0  -12.186934340514812
707.0  -11.320321376790702
708.0  -10.452846326765341
709.0  -9.584575252022448
710.0  -8.715574274765832
711.0  -7.845909572784563
712.0  -6.9756473744124765
713.0  -6.104853953485686
714.0  -5.233595624294437
715.0  -4.3619387365335305
716.0  -3.4899496702500823
717.0  -2.6176948307873547
718.0  -1.745240643728445
719.0  -0.8726535498373637
720.0  -2.4492935982947064E-14
721.0  0.8726535498373147
722.0  1.745240643728307
723.0  2.6176948307873054
724.0  3.489949670250033
725.0  4.3619387365335704
726.0  5.233595624294388
727.0  6.104853953485727
728.0  6.975647374412515
729.0  7.845909572784425
730.0  8.71557427476587
731.0  9.584575252022399
732.0  10.452846326765293
733.0  11.320321376790563
734.0  12.186934340514762
735.0  13.052619222005118
736.0  13.917310096006453
737.0  14.780941112961091
738.0  15.643446504023062
739.0  16.504760586067775
740.0  17.36481776669299
741.0  18.223552549214737
742.0  19.080899537654506
743.0  19.93679344171969
744.0  20.791169081775852
745.0  21.643961393810326
746.0  22.495105434386485
747.0  23.344536385590473
748.0  24.192189559966824
749.0  25.038000405444137
750.0  25.881904510252024
751.0  26.723837607825583
752.0  27.563735581699934
753.0  28.40153447039222
754.0  29.237170472273665
755.0  30.070579950427256
756.0  30.901699437494717
757.0  31.73046564050922
758.0  32.55681544571563
759.0  33.38068592337709
760.0  34.2020143325669
761.0  35.020738125946714
762.0  35.83679495452995
763.0  36.65012267242977
764.0  37.46065934159119
765.0  38.26834323650891
766.0  39.07311284892726
767.0  39.87490689252462
768.0  40.67366430757997
769.0  41.46932426562388
770.0  42.26182617406995
771.0  43.051109680829484
772.0  43.83711467890773
773.0  44.61978131098083
774.0  45.39904997395474
775.0  46.1748613235034
776.0  46.947156278589034
777.0  47.71587602596075
778.0  48.480962024633726
779.0  49.24235601034668
780.0  49.99999999999993
781.0  50.75383629607045
782.0  51.503807491005404
783.0  52.249856471594825
784.0  52.991926423320464
785.0  53.72996083468238
786.0  54.463903501502664
787.0  55.193698531205804
788.0  55.91929034707462
789.0  56.64062369248333
790.0  57.35764363510461
791.0  58.07029557109392
792.0  58.77852522924736
793.0  59.48227867513414
794.0  60.181502315204796
795.0  60.87614290087199
796.0  61.56614753256584
797.0  62.25146366376193
798.0  62.93203910498369
799.0  63.60782202777635
800.0  64.27876096865391
801.0  64.94480483301831
802.0  65.6059028990507
803.0  66.26200482157375
804.0  66.91306063588584
805.0  67.55902076156602
806.0  68.1998360062498
807.0  68.83545756937544
808.0  69.46583704589972
809.0  70.09092642998505
810.0  70.71067811865467
811.0  71.32504491541816
812.0  71.93398003386508
813.0  72.53743710122869
814.0  73.13537016191707
815.0  73.72773368101238
816.0  74.31448254773937
817.0  74.89557207890019
818.0  75.47095802227719
819.0  76.04059656000311
820.0  76.60444431189778
821.0  77.16245833877193
822.0  77.71459614569712
823.0  78.26081568524138
824.0  78.80107536067214
825.0  79.33533402912354
826.0  79.86355100472929
827.0  80.3856860617217
828.0  80.90169943749468
829.0  81.41155183563193
830.0  81.91520442889914
831.0  82.41261886220155
832.0  82.90375725550419
833.0  83.3885822067168
834.0  83.8670567945424
835.0  84.33914458128854
836.0  84.80480961564258
837.0  85.26401643540923
838.0  85.71673007021121
839.0  86.16291604415252
840.0  86.60254037844388
841.0  87.03556959398996
842.0  87.46197071393954
843.0  87.88171126619656
844.0  88.29475928589268
845.0  88.70108331782214
846.0  89.10065241883677
847.0  89.4934361602025
848.0  89.87940462991668
849.0  90.25852843498605
850.0  90.63077870366497
851.0  90.99612708765432
852.0  91.35454576426008
853.0  91.70600743851239
854.0  92.05048534524406
855.0  92.38795325112868
856.0  92.71838545667872
857.0  93.04175679820243
858.0  93.35804264972019
859.0  93.66721892483976
860.0  93.96926207859082
861.0  94.26414910921783
862.0  94.55185755993168
863.0  94.83236552061992
864.0  95.10565162951535
865.0  95.3716950748227
866.0  95.63047559630355
867.0  95.8819734868193
868.0  96.12616959383186
869.0  96.36304532086231
870.0  96.59258262890683
871.0  96.81476403781076
872.0  97.02957262759962
873.0  97.23699203976767
874.0  97.43700647852351
875.0  97.62960071199332
876.0  97.81476007338057
877.0  97.99247046208296
878.0  98.16271834476638
879.0  98.32549075639545
880.0  98.4807753012208
881.0  98.62856015372314
882.0  98.76883405951376
883.0  98.90158633619167
884.0  99.02680687415703
885.0  99.14448613738104
886.0  99.2546151641322
887.0  99.35718556765876
888.0  99.45218953682733
889.0  99.53961983671788
890.0  99.61946980917455
891.0  99.6917333733128
892.0  99.75640502598242
893.0  99.8134798421867
894.0  99.86295347545739
895.0  99.90482215818578
896.0  99.93908270190957
897.0  99.96573249755572
898.0  99.98476951563913
899.0  99.99619230641713
900.0  100.0
901.0  99.99619230641713
902.0  99.98476951563913
903.0  99.96573249755572
904.0  99.93908270190957
905.0  99.90482215818578
906.0  99.86295347545739
907.0  99.81347984218671
908.0  99.75640502598243
909.0  99.6917333733128
910.0  99.61946980917456
911.0  99.53961983671789
912.0  99.45218953682733
913.0  99.35718556765876
914.0  99.2546151641322
915.0  99.14448613738105
916.0  99.02680687415705
917.0  98.9015863361917
918.0  98.7688340595138
919.0  98.62856015372314
920.0  98.48077530122082
921.0  98.32549075639545
922.0  98.1627183447664
923.0  97.99247046208296
924.0  97.81476007338054
925.0  97.62960071199332
926.0  97.43700647852353
927.0  97.23699203976767
928.0  97.02957262759963
929.0  96.81476403781078
930.0  96.59258262890684
931.0  96.36304532086228
932.0  96.12616959383189
933.0  95.88197348681932
934.0  95.63047559630358
935.0  95.37169507482268
936.0  95.10565162951536
937.0  94.83236552061996
938.0  94.55185755993173
939.0  94.26414910921784
940.0  93.96926207859086
941.0  93.6672189248398
942.0  93.35804264972018
943.0  93.04175679820248
944.0  92.71838545667879
945.0  92.38795325112874
946.0  92.05048534524406
947.0  91.70600743851244
948.0  91.35454576426008
949.0  90.99612708765433
950.0  90.63077870366503
951.0  90.25852843498605
952.0  89.8794046299167
953.0  89.49343616020253
954.0  89.10065241883676
955.0  88.70108331782217
956.0  88.29475928589272
957.0  87.8817112661965
958.0  87.46197071393958
959.0  87.03556959398998
960.0  86.60254037844392
961.0  86.16291604415255
962.0  85.71673007021124
963.0  85.26401643540926
964.0  84.80480961564257
965.0  84.33914458128856
966.0  83.86705679454244
967.0  83.38858220671688
968.0  82.90375725550416
969.0  82.4126188622016
970.0  81.91520442889923
971.0  81.41155183563191
972.0  80.90169943749476
973.0  80.38568606172178
974.0  79.86355100472937
975.0  79.33533402912353
976.0  78.80107536067223
977.0  78.26081568524147
978.0  77.71459614569709
979.0  77.16245833877203
980.0  76.60444431189788
981.0  76.04059656000308
982.0  75.47095802227723
983.0  74.89557207890016
984.0  74.3144825477394
985.0  73.72773368101242
986.0  73.13537016191698
987.0  72.53743710122873
988.0  71.93398003386513
989.0  71.3250449154182
990.0  70.71067811865471
991.0  70.09092642998509
992.0  69.46583704589978
993.0  68.83545756937535
994.0  68.19983600624984
995.0  67.55902076156606
996.0  66.91306063588588
997.0  66.26200482157373
998.0  65.60590289905075
999.0  64.94480483301842
1000.0  64.27876096865404
1001.0  63.60782202777641
1002.0  62.932039104983794
1003.0  62.25146366376205
1004.0  61.56614753256582
1005.0  60.8761429008721
1006.0  60.181502315204916
1007.0  59.48227867513426
1008.0  58.778525229247336
1009.0  58.07029557109404
1010.0  57.35764363510473
1011.0  56.640623692483295
1012.0  55.91929034707475
1013.0  55.19369853120577
1014.0  54.463903501502706
1015.0  53.72996083468243
1016.0  52.99192642332044
1017.0  52.24985647159488
1018.0  51.50380749100546
1019.0  50.753836296070354
1020.0  49.99999999999998
1021.0  49.24235601034674
1022.0  48.480962024633776
1023.0  47.71587602596081
1024.0  46.94715627858909
1025.0  46.17486132350345
1026.0  45.39904997395463
1027.0  44.61978131098088
1028.0  43.83711467890779
1029.0  43.05110968082961
1030.0  42.26182617406993
1031.0  41.46932426562394
1032.0  40.673664307580104
1033.0  39.874906892524756
1034.0  39.0731128489274
1035.0  38.268343236509054
1036.0  37.46065934159133
1037.0  36.65012267242974
1038.0  35.836794954530085
1039.0  35.02073812594686
1040.0  34.20201433256687
1041.0  33.38068592337714
1042.0  32.55681544571576
1043.0  31.7304656405092
1044.0  30.901699437494777
1045.0  30.070579950427394
1046.0  29.23717047227364
1047.0  28.40153447039228
1048.0  27.563735581699824
1049.0  26.72383760782564
1050.0  25.88190451025208
1051.0  25.0380004054442
1052.0  24.19218955996671
1053.0  23.344536385590533
1054.0  22.495105434386545
1055.0  21.643961393810386
1056.0  20.791169081775912
1057.0  19.93679344171975
1058.0  19.080899537654563
1059.0  18.22355254921471
1060.0  17.36481776669305
1061.0  16.504760586067835
1062.0  15.64344650402321
1063.0  14.780941112961063
1064.0  13.917310096006599
1065.0  13.05261922200527
1066.0  12.186934340514911
1067.0  11.320321376790712
1068.0  10.452846326765442
1069.0  9.584575252022548
1070.0  8.715574274765844
1071.0  7.845909572784575
1072.0  6.975647374412665
1073.0  6.104853953485699
1074.0  5.233595624294449
1075.0  4.361938736533543
1076.0  3.4899496702500943
1077.0  2.6176948307873666
1078.0  1.7452406437282793
1079.0  0.872653549837376
1080.0  3.6739403974420595E-14
1081.0  -0.87265354983748
1082.0  -1.7452406437283834
1083.0  -2.6176948307872934
1084.0  -3.4899496702500206
1085.0  -4.361938736533647
1086.0  -5.2335956242943755
1087.0  -6.104853953485626
1088.0  -6.975647374412591
1089.0  -7.845909572784501
1090.0  -8.715574274765771
1091.0  -9.584575252022297
1092.0  -10.45284632676537
1093.0  -11.32032137679064
1094.0  -12.18693434051466
1095.0  -13.052619222005019
1096.0  -13.917310096006528
1097.0  -14.78094111296099
1098.0  -15.643446504022961
1099.0  -16.504760586067764
1100.0  -17.364817766692976
1101.0  -18.223552549214634
1102.0  -19.080899537654318
1103.0  -19.936793441719676
1104.0  -20.79116908177584
1105.0  -21.64396139381031
1106.0  -22.495105434386474
1107.0  -23.344536385590462
1108.0  -24.192189559966813
1109.0  -25.038000405444127
1110.0  -25.881904510252184
1111.0  -26.72383760782574
1112.0  -27.563735581699923
1113.0  -28.40153447039221
1114.0  -29.23717047227374
1115.0  -30.07057995042733
1116.0  -30.901699437494706
1117.0  -31.730465640509127
1118.0  -32.5568154457157
1119.0  -33.38068592337707
1120.0  -34.2020143325668
1121.0  -35.020738125946785
1122.0  -35.83679495453002
1123.0  -36.65012267242967
1124.0  -37.4606593415911
1125.0  -38.26834323650898
1126.0  -39.07311284892733
1127.0  -39.87490689252453
1128.0  -40.67366430757988
1129.0  -41.469324265623875
1130.0  -42.26182617406987
1131.0  -43.051109680829384
1132.0  -43.837114678907724
1133.0  -44.61978131098082
1134.0  -45.39904997395456
1135.0  -46.17486132350339
1136.0  -46.94715627858903
1137.0  -47.71587602596074
1138.0  -48.48096202463371
1139.0  -49.24235601034667
1140.0  -50.000000000000064
1141.0  -50.753836296070446
1142.0  -51.5038074910054
1143.0  -52.24985647159497
1144.0  -52.991926423320535
1145.0  -53.729960834682366
1146.0  -54.46390350150266
1147.0  -55.19369853120586
1148.0  -55.91929034707468
1149.0  -56.64062369248324
1150.0  -57.357643635104516
1151.0  -58.070295571093986
1152.0  -58.77852522924728
1153.0  -59.48227867513405
1154.0  -60.18150231520485
1155.0  -60.87614290087204
1156.0  -61.566147532565765
1157.0  -62.251463663761854
1158.0  -62.93203910498374
1159.0  -63.60782202777635
1160.0  -64.27876096865384
1161.0  -64.94480483301824
1162.0  -65.60590289905069
1163.0  -66.26200482157367
1164.0  -66.9130606358857
1165.0  -67.559020761566
1166.0  -68.19983600624978
1167.0  -68.83545756937542
1168.0  -69.46583704589972
1169.0  -70.09092642998503
1170.0  -70.71067811865478
1171.0  -71.32504491541816
1172.0  -71.93398003386507
1173.0  -72.5374371012288
1174.0  -73.13537016191705
1175.0  -73.72773368101238
1176.0  -74.31448254773947
1177.0  -74.89557207890023
1178.0  -75.47095802227717
1179.0  -76.04059656000304
1180.0  -76.60444431189782
1181.0  -77.16245833877198
1182.0  -77.71459614569704
1183.0  -78.26081568524131
1184.0  -78.8010753606722
1185.0  -79.33533402912349
1186.0  -79.86355100472922
1187.0  -80.38568606172174
1188.0  -80.90169943749473
1189.0  -81.41155183563187
1190.0  -81.91520442889909
1191.0  -82.41261886220155
1192.0  -82.90375725550413
1193.0  -83.38858220671675
1194.0  -83.8670567945423
1195.0  -84.33914458128854
1196.0  -84.80480961564253
1197.0  -85.26401643540923
1198.0  -85.7167300702112
1199.0  -86.16291604415252
1200.0  -86.60254037844388
1201.0  -87.03556959398995
1202.0  -87.46197071393962
1203.0  -87.88171126619655
1204.0  -88.29475928589268
1205.0  -88.70108331782214
1206.0  -89.10065241883682
1207.0  -89.4934361602025
1208.0  -89.87940462991666
1209.0  -90.25852843498609
1210.0  -90.630778703665
1211.0  -90.9961270876543
1212.0  -91.35454576426005
1213.0  -91.70600743851242
1214.0  -92.05048534524401
1215.0  -92.38795325112864
1216.0  -92.71838545667869
1217.0  -93.04175679820244
1218.0  -93.35804264972015
1219.0  -93.66721892483972
1220.0  -93.96926207859084
1221.0  -94.26414910921783
1222.0  -94.55185755993163
1223.0  -94.83236552061987
1224.0  -95.10565162951534
1225.0  -95.37169507482265
1226.0  -95.63047559630351
1227.0  -95.88197348681929
1228.0  -96.12616959383186
1229.0  -96.36304532086226
1230.0  -96.59258262890683
1231.0  -96.81476403781076
1232.0  -97.02957262759966
1233.0  -97.23699203976766
1234.0  -97.43700647852351
1235.0  -97.62960071199335
1236.0  -97.81476007338057
1237.0  -97.99247046208296
1238.0  -98.1627183447664
1239.0  -98.32549075639547
1240.0  -98.4807753012208
1241.0  -98.62856015372313
1242.0  -98.76883405951378
1243.0  -98.90158633619168
1244.0  -99.02680687415703
1245.0  -99.14448613738102
1246.0  -99.2546151641322
1247.0  -99.35718556765875
1248.0  -99.45218953682732
1249.0  -99.53961983671789
1250.0  -99.61946980917456
1251.0  -99.69173337331279
1252.0  -99.75640502598242
1253.0  -99.8134798421867
1254.0  -99.86295347545739
1255.0  -99.90482215818577
1256.0  -99.93908270190957
1257.0  -99.96573249755572
1258.0  -99.98476951563913
1259.0  -99.99619230641713
1260.0  -100.0
1261.0  -99.99619230641713
1262.0  -99.98476951563913
1263.0  -99.96573249755572
1264.0  -99.93908270190957
1265.0  -99.90482215818578
1266.0  -99.86295347545739
1267.0  -99.81347984218671
1268.0  -99.75640502598242
1269.0  -99.6917333733128
1270.0  -99.61946980917456
1271.0  -99.53961983671788
1272.0  -99.45218953682733
1273.0  -99.35718556765876
1274.0  -99.2546151641322
1275.0  -99.14448613738104
1276.0  -99.02680687415703
1277.0  -98.9015863361917
1278.0  -98.7688340595138
1279.0  -98.62856015372314
1280.0  -98.48077530122082
1281.0  -98.32549075639548
1282.0  -98.1627183447664
1283.0  -97.99247046208296
1284.0  -97.81476007338058
1285.0  -97.62960071199338
1286.0  -97.43700647852353
1287.0  -97.23699203976767
1288.0  -97.02957262759968
1289.0  -96.81476403781079
1290.0  -96.59258262890684
1291.0  -96.36304532086233
1292.0  -96.12616959383189
1293.0  -95.88197348681933
1294.0  -95.63047559630353
1295.0  -95.3716950748227
1296.0  -95.10565162951538
1297.0  -94.83236552061992
1298.0  -94.55185755993168
1299.0  -94.26414910921785
1300.0  -93.96926207859086
1301.0  -93.66721892483974
1302.0  -93.35804264972019
1303.0  -93.04175679820248
1304.0  -92.71838545667879
1305.0  -92.38795325112868
1306.0  -92.05048534524398
1307.0  -91.70600743851244
1308.0  -91.35454576426008
1309.0  -90.99612708765441
1310.0  -90.63077870366504
1311.0  -90.25852843498605
1312.0  -89.87940462991679
1313.0  -89.49343616020255
1314.0  -89.10065241883677
1315.0  -88.70108331782227
1316.0  -88.29475928589272
1317.0  -87.8817112661965
1318.0  -87.46197071393966
1319.0  -87.03556959398999
1320.0  -86.60254037844392
1321.0  -86.16291604415267
1322.0  -85.71673007021124
1323.0  -85.26401643540927
1324.0  -84.80480961564258
1325.0  -84.33914458128858
1326.0  -83.86705679454245
1327.0  -83.38858220671679
1328.0  -82.90375725550417
1329.0  -82.4126188622016
1330.0  -81.91520442889914
1331.0  -81.41155183563203
1332.0  -80.90169943749477
1333.0  -80.38568606172169
1334.0  -79.86355100472937
1335.0  -79.33533402912354
1336.0  -78.80107536067213
1337.0  -78.26081568524148
1338.0  -77.7145961456971
1339.0  -77.16245833877193
1340.0  -76.60444431189788
1341.0  -76.0405965600031
1342.0  -75.47095802227736
1343.0  -74.89557207890029
1344.0  -74.31448254773942
1345.0  -73.72773368101255
1346.0  -73.13537016191711
1347.0  -72.53743710122875
1348.0  -71.93398003386525
1349.0  -71.32504491541822
1350.0  -70.71067811865473
1351.0  -70.0909264299851
1352.0  -69.46583704589978
1353.0  -68.83545756937548
1354.0  -68.19983600624985
1355.0  -67.55902076156606
1356.0  -66.9130606358859
1357.0  -66.26200482157374
1358.0  -65.60590289905076
1359.0  -64.94480483301844
1360.0  -64.2787609686539
1361.0  -63.60782202777641
1362.0  -62.93203910498381
1363.0  -62.25146366376192
1364.0  -61.56614753256597
1365.0  -60.87614290087211
1366.0  -60.18150231520478
1367.0  -59.48227867513427
1368.0  -58.77852522924735
1369.0  -58.07029557109391
1370.0  -57.357643635104736
1371.0  -56.6406236924833
1372.0  -55.9192903470746
1373.0  -55.19369853120594
1374.0  -54.46390350150272
1375.0  -53.729960834682586
1376.0  -52.9919264233206
1377.0  -52.24985647159489
1378.0  -51.503807491005624
1379.0  -50.75383629607051
1380.0  -49.999999999999986
1381.0  -49.24235601034675
1382.0  -48.48096202463379
1383.0  -47.71587602596082
1384.0  -46.947156278589105
1385.0  -46.174861323503464
1386.0  -45.3990499739548
1387.0  -44.61978131098089
1388.0  -43.8371146789078
1389.0  -43.051109680829626
1390.0  -42.261826174069945
1391.0  -41.46932426562395
1392.0  -40.67366430758012
1393.0  -39.874906892524606
1394.0  -39.073112848927245
1395.0  -38.26834323650906
1396.0  -37.460659341591175
1397.0  -36.650122672429916
1398.0  -35.8367949545301
1399.0  -35.02073812594671
1400.0  -34.202014332567046
1401.0  -33.38068592337715
1402.0  -32.55681544571561
1403.0  -31.730465640509376
1404.0  -30.90169943749479
1405.0  -30.07057995042724
1406.0  -29.23717047227382
1407.0  -28.401534470392292
1408.0  -27.563735581700005
1409.0  -26.723837607825825
1410.0  -25.881904510252095
1411.0  -25.038000405444212
1412.0  -24.192189559966895
1413.0  -23.344536385590544
1414.0  -22.495105434386556
1415.0  -21.6439613938104
1416.0  -20.791169081775923
1417.0  -19.93679344171976
1418.0  -19.080899537654577
1419.0  -18.22355254921472
1420.0  -17.364817766693065
1421.0  -16.504760586067672
1422.0  -15.643446504023222
1423.0  -14.780941112961077
1424.0  -13.917310096006435
1425.0  -13.05261922200528
1426.0  -12.186934340514748
1427.0  -11.320321376790549
1428.0  -10.452846326765455
1429.0  -9.584575252022383
1430.0  -8.715574274765679
1431.0  -7.845909572784588
1432.0  -6.9756473744125
1433.0  -6.104853953485889
1434.0  -5.233595624294462
1435.0  -4.3619387365335545
1436.0  -3.4899496702502844
1437.0  -2.617694830787379
1438.0  -1.7452406437282915
1439.0  -0.8726535498375657
1440.0  -4.898587196589413E-14
1441.0  0.8726535498374679
1442.0  1.7452406437281938
1443.0  2.617694830787281
1444.0  3.4899496702500086
1445.0  4.361938736533457
1446.0  5.233595624294364
1447.0  6.104853953485613
1448.0  6.975647374412403
1449.0  7.84590957278449
1450.0  8.715574274765759
1451.0  9.584575252022463
1452.0  10.452846326765357
1453.0  11.320321376790627
1454.0  12.186934340514826
1455.0  13.052619222005008
1456.0  13.917310096006515
1457.0  14.780941112961155
1458.0  15.64344650402295
1459.0  16.50476058606775
1460.0  17.364817766693143
1461.0  18.223552549214624
1462.0  19.08089953765448
1463.0  19.93679344171984
1464.0  20.791169081775827
1465.0  21.6439613938103
1466.0  22.495105434386286
1467.0  23.34453638559045
1468.0  24.1921895599668
1469.0  25.038000405443945
1470.0  25.881904510252003
1471.0  26.72383760782573
1472.0  27.56373558169974
1473.0  28.4015344703922
1474.0  29.23717047227373
1475.0  30.070579950427145
1476.0  30.901699437494695
1477.0  31.730465640509113
1478.0  32.556815445715685
1479.0  33.38068592337706
1480.0  34.20201433256679
1481.0  35.02073812594678
1482.0  35.83679495453001
1483.0  36.65012267242966
1484.0  37.460659341591246
1485.0  38.268343236508976
1486.0  39.07311284892732
1487.0  39.87490689252468
1488.0  40.67366430757986
1489.0  41.46932426562386
1490.0  42.261826174070016
1491.0  43.05110968082938
1492.0  43.83711467890771
1493.0  44.61978131098096
1494.0  45.399049973954554
1495.0  46.17486132350338
1496.0  46.947156278589176
1497.0  47.71587602596073
1498.0  48.4809620246337
1499.0  49.24235601034651
1500.0  49.99999999999991
1501.0  50.75383629607043
1502.0  51.50380749100524
1503.0  52.2498564715948
1504.0  52.99192642332052
1505.0  53.72996083468221
1506.0  54.46390350150264
1507.0  55.19369853120585
1508.0  55.91929034707467
1509.0  56.640623692483224
1510.0  57.357643635104516
1511.0  58.07029557109398
1512.0  58.77852522924727
1513.0  59.48227867513405
1514.0  60.18150231520484
1515.0  60.87614290087203
1516.0  61.56614753256575
1517.0  62.251463663761974
1518.0  62.93203910498373
1519.0  63.607822027776336
1520.0  64.27876096865397
1521.0  64.94480483301822
1522.0  65.60590289905068
1523.0  66.2620048215738
1524.0  66.91306063588569
1525.0  67.55902076156599
1526.0  68.19983600624991
1527.0  68.83545756937528
1528.0  69.4658370458997
1529.0  70.09092642998516
1530.0  70.71067811865466
1531.0  71.32504491541815
1532.0  71.93398003386494
1533.0  72.53743710122868
1534.0  73.13537016191705
1535.0  73.72773368101237
1536.0  74.31448254773935
1537.0  74.89557207890023
1538.0  75.47095802227717
1539.0  76.04059656000302
1540.0  76.60444431189782
1541.0  77.16245833877198
1542.0  77.71459614569703
1543.0  78.2608156852413
1544.0  78.80107536067219
1545.0  79.33533402912347
1546.0  79.86355100472922
1547.0  80.38568606172174
1548.0  80.90169943749481
1549.0  81.41155183563185
1550.0  81.91520442889919
1551.0  82.41261886220165
1552.0  82.90375725550412
1553.0  83.38858220671683
1554.0  83.8670567945423
1555.0  84.33914458128852
1556.0  84.80480961564261
1557.0  85.26401643540913
1558.0  85.7167300702112
1559.0  86.16291604415261
1560.0  86.60254037844378
1561.0  87.03556959398995
1562.0  87.46197071393962
1563.0  87.88171126619646
1564.0  88.29475928589268
1565.0  88.70108331782212
1566.0  89.10065241883672
1567.0  89.4934361602025
1568.0  89.87940462991666
1569.0  90.258528434986
1570.0  90.63077870366499
1571.0  90.9961270876543
1572.0  91.35454576426004
1573.0  91.7060074385124
1574.0  92.05048534524401
1575.0  92.38795325112864
1576.0  92.71838545667869
1577.0  93.04175679820244
1578.0  93.3580426497202
1579.0  93.66721892483972
1580.0  93.96926207859083
1581.0  94.26414910921788
1582.0  94.55185755993163
1583.0  94.83236552061993
1584.0  95.10565162951539
1585.0  95.37169507482265
1586.0  95.63047559630355
1587.0  95.88197348681923
1588.0  96.12616959383186
1589.0  96.36304532086231
1590.0  96.59258262890677
1591.0  96.81476403781075
1592.0  97.02957262759966
1593.0  97.23699203976761
1594.0  97.43700647852351
1595.0  97.62960071199335
1596.0  97.81476007338053
1597.0  97.99247046208295
1598.0  98.16271834476638
1599.0  98.32549075639542
1600.0  98.4807753012208
1601.0  98.62856015372313
1602.0  98.76883405951375
1603.0  98.90158633619168
1604.0  99.02680687415703
1605.0  99.14448613738105
1606.0  99.2546151641322
1607.0  99.35718556765875
1608.0  99.45218953682733
1609.0  99.53961983671786
1610.0  99.61946980917456
1611.0  99.69173337331281
1612.0  99.7564050259824
1613.0  99.8134798421867
1614.0  99.86295347545739
1615.0  99.90482215818577
1616.0  99.93908270190957
1617.0  99.96573249755572
1618.0  99.98476951563913
1619.0  99.99619230641713
1620.0  100.0
1621.0  99.99619230641713
1622.0  99.98476951563913
1623.0  99.96573249755573
1624.0  99.93908270190957
1625.0  99.90482215818578
1626.0  99.86295347545739
1627.0  99.81347984218671
1628.0  99.75640502598242
1629.0  99.69173337331281
1630.0  99.61946980917456
1631.0  99.53961983671789
1632.0  99.45218953682735
1633.0  99.35718556765876
1634.0  99.25461516413222
1635.0  99.14448613738104
1636.0  99.02680687415703
1637.0  98.9015863361917
1638.0  98.76883405951376
1639.0  98.62856015372314
1640.0  98.48077530122083
1641.0  98.32549075639545
1642.0  98.16271834476643
1643.0  97.99247046208296
1644.0  97.81476007338054
1645.0  97.62960071199338
1646.0  97.43700647852353
1647.0  97.23699203976764
1648.0  97.02957262759968
1649.0  96.81476403781079
1650.0  96.59258262890681
1651.0  96.36304532086234
1652.0  96.12616959383189
1653.0  95.88197348681938
1654.0  95.63047559630358
1655.0  95.3716950748227
1656.0  95.10565162951544
1657.0  94.83236552061996
1658.0  94.55185755993168
1659.0  94.26414910921791
1660.0  93.96926207859087
1661.0  93.66721892483976
1662.0  93.35804264972019
1663.0  93.04175679820248
1664.0  92.71838545667872
1665.0  92.38795325112868
1666.0  92.05048534524406
1667.0  91.70600743851244
1668.0  91.35454576426008
1669.0  90.99612708765434
1670.0  90.63077870366504
1671.0  90.25852843498605
1672.0  89.87940462991672
1673.0  89.49343616020255
1674.0  89.10065241883677
1675.0  88.7010833178221
1676.0  88.29475928589274
1677.0  87.88171126619652
1678.0  87.46197071393968
1679.0  87.03556959398999
1680.0  86.60254037844383
1681.0  86.16291604415267
1682.0  85.71673007021126
1683.0  85.26401643540919
1684.0  84.80480961564268
1685.0  84.33914458128858
1686.0  83.86705679454235
1687.0  83.3885822067169
1688.0  82.90375725550417
1689.0  82.4126188622017
1690.0  81.91520442889924
1691.0  81.41155183563193
1692.0  80.90169943749478
1693.0  80.3856860617218
1694.0  79.86355100472929
1695.0  79.33533402912354
1696.0  78.80107536067226
1697.0  78.26081568524138
1698.0  77.71459614569712
1699.0  77.16245833877204
1700.0  76.6044443118979
1701.0  76.04059656000311
1702.0  75.47095802227724
1703.0  74.8955720789003
1704.0  74.31448254773943
1705.0  73.72773368101232
1706.0  73.13537016191712
1707.0  72.53743710122875
1708.0  71.93398003386503
1709.0  71.32504491541822
1710.0  70.71067811865474
1711.0  70.09092642998523
1712.0  69.46583704589978
1713.0  68.83545756937536
1714.0  68.19983600625
1715.0  67.55902076156607
1716.0  66.91306063588578
1717.0  66.26200482157387
1718.0  65.60590289905076
1719.0  64.94480483301831
1720.0  64.27876096865405
1721.0  63.607822027776415
1722.0  62.932039104983815
1723.0  62.25146366376207
1724.0  61.56614753256584
1725.0  60.87614290087212
1726.0  60.18150231520492
1727.0  59.48227867513414
1728.0  58.77852522924736
1729.0  58.070295571094064
1730.0  57.35764363510461
1731.0  56.64062369248332
1732.0  55.919290347074615
1733.0  55.193698531205946
1734.0  54.46390350150273
1735.0  53.7299608346823
1736.0  52.99192642332061
1737.0  52.2498564715949
1738.0  51.503807491005325
1739.0  50.75383629607052
1740.0  50.0
1741.0  49.242356010346604
1742.0  48.4809620246338
1743.0  47.71587602596083
1744.0  46.94715627858927
1745.0  46.17486132350347
1746.0  45.399049973954654
1747.0  44.61978131098106
1748.0  43.83711467890781
1749.0  43.05110968082948
1750.0  42.261826174070116
1751.0  41.46932426562396
1752.0  40.67366430757996
1753.0  39.874906892524784
1754.0  39.07311284892742
1755.0  38.268343236509075
1756.0  37.46065934159135
1757.0  36.65012267242976
1758.0  35.83679495453011
1759.0  35.020738125946885
1760.0  34.2020143325669
1761.0  33.380685923377165
1762.0  32.55681544571562
1763.0  31.73046564050922
1764.0  30.901699437494802
1765.0  30.070579950427252
1766.0  29.23717047227383
1767.0  28.401534470392303
1768.0  27.563735581699845
1769.0  26.723837607825836
1770.0  25.881904510252106
1771.0  25.03800040544405
1772.0  24.192189559966906
1773.0  23.344536385590555
1774.0  22.495105434386396
1775.0  21.64396139381041
1776.0  20.791169081775934
1777.0  19.936793441719946
1778.0  19.080899537654588
1779.0  18.223552549214734
1780.0  17.36481776669325
1781.0  16.50476058606786
1782.0  15.643446504023059
1783.0  14.780941112961262
1784.0  13.917310096006624
1785.0  13.052619222005116
1786.0  12.186934340514936
1787.0  11.320321376790737
1788.0  10.452846326765467
1789.0  9.584575252022395
1790.0  8.715574274765867
1791.0  7.8459095727846
1792.0  6.975647374412512
1793.0  6.104853953485724
1794.0  5.233595624294473
1795.0  4.361938736533568
1796.0  3.4899496702501183
1797.0  2.617694830787391
1798.0  1.745240643728304
1799.0  0.872653549837578